# 3ds Max Wavefront OBJ Exporter v0.97b - (c)2007 guruware
# File Created: 04.09.2017 17:23:10

mtllib Well.mtl

#
# object Box20309
#

v  -8756.0186 768.7405 -1773.1483
v  -8539.9766 768.7405 -1392.9812
v  -8688.2393 768.7405 -1308.7260
v  -8904.2813 768.7405 -1688.8931
v  -8756.0186 955.0219 -1773.1483
v  -8904.2813 955.0219 -1688.8931
v  -8688.2393 955.0219 -1308.7260
v  -8539.9766 955.0219 -1392.9812
# 8 vertices

vn 0.0000 -1.0000 -0.0000
vn 0.0000 1.0000 -0.0000
vn -0.4941 0.0000 -0.8694
vn -0.8694 0.0000 0.4941
vn 0.4941 0.0000 0.8694
vn 0.8694 0.0000 -0.4941
# 6 vertex normals

vt 1.0000 0.0000 0.0000
vt 1.0000 1.0000 0.0000
vt 0.0000 1.0000 0.0000
vt 0.0000 0.0000 0.0000
# 4 texture coords

g Box20309
usemtl _crayfishdiffuse
s 2
f -8/-4/-6 -7/-3/-6 -6/-2/-6 -5/-1/-6 
s 4
f -4/-1/-5 -3/-4/-5 -2/-3/-5 -1/-2/-5 
s 8
f -8/-1/-4 -5/-4/-4 -3/-3/-4 -4/-2/-4 
s 16
f -5/-1/-3 -6/-4/-3 -2/-3/-3 -3/-2/-3 
s 32
f -6/-1/-2 -7/-4/-2 -1/-3/-2 -2/-2/-2 
s 64
f -7/-1/-1 -8/-4/-1 -4/-3/-1 -1/-2/-1 
# 6 polygons

#
# object Box20310
#

v  -6560.8364 968.3275 -1640.2443
v  -6446.2056 968.3275 -2062.2170
v  -6281.6382 968.3275 -2017.5116
v  -6396.2690 968.3275 -1595.5388
v  -6560.8364 1154.6089 -1640.2443
v  -6396.2690 1154.6089 -1595.5388
v  -6281.6382 1154.6089 -2017.5116
v  -6446.2056 1154.6089 -2062.2170
# 8 vertices

vn 0.0000 -1.0000 -0.0000
vn 0.0000 1.0000 -0.0000
vn -0.2622 0.0000 0.9650
vn 0.9650 0.0000 0.2622
vn 0.2622 0.0000 -0.9650
vn -0.9650 0.0000 -0.2622
# 6 vertex normals

vt 1.0000 0.0000 0.0000
vt 1.0000 1.0000 0.0000
vt 0.0000 1.0000 0.0000
vt 0.0000 0.0000 0.0000
# 4 texture coords

g Box20310
usemtl _crayfishdiffuse
s 2
f -8/-4/-6 -7/-3/-6 -6/-2/-6 -5/-1/-6 
s 4
f -4/-1/-5 -3/-4/-5 -2/-3/-5 -1/-2/-5 
s 8
f -8/-1/-4 -5/-4/-4 -3/-3/-4 -4/-2/-4 
s 16
f -5/-1/-3 -6/-4/-3 -2/-3/-3 -3/-2/-3 
s 32
f -6/-1/-2 -7/-4/-2 -1/-3/-2 -2/-2/-2 
s 64
f -7/-1/-1 -8/-4/-1 -4/-3/-1 -1/-2/-1 
# 6 polygons

#
# object Box20311
#

v  -8308.5762 569.4064 -3137.5559
v  -8616.7246 569.4064 -2827.3208
v  -8737.7148 569.4064 -2947.4968
v  -8429.5664 569.4064 -3257.7319
v  -8308.5762 755.6879 -3137.5559
v  -8429.5664 755.6879 -3257.7319
v  -8737.7148 755.6879 -2947.4968
v  -8616.7246 755.6879 -2827.3208
# 8 vertices

vn 0.0000 -1.0000 -0.0000
vn 0.0000 1.0000 -0.0000
vn 0.7047 0.0000 -0.7095
vn -0.7095 0.0000 -0.7047
vn -0.7047 0.0000 0.7095
vn 0.7095 0.0000 0.7047
# 6 vertex normals

vt 1.0000 0.0000 0.0000
vt 1.0000 1.0000 0.0000
vt 0.0000 1.0000 0.0000
vt 0.0000 0.0000 0.0000
# 4 texture coords

g Box20311
usemtl _crayfishdiffuse
s 2
f -8/-4/-6 -7/-3/-6 -6/-2/-6 -5/-1/-6 
s 4
f -4/-1/-5 -3/-4/-5 -2/-3/-5 -1/-2/-5 
s 8
f -8/-1/-4 -5/-4/-4 -3/-3/-4 -4/-2/-4 
s 16
f -5/-1/-3 -6/-4/-3 -2/-3/-3 -3/-2/-3 
s 32
f -6/-1/-2 -7/-4/-2 -1/-3/-2 -2/-2/-2 
s 64
f -7/-1/-1 -8/-4/-1 -4/-3/-1 -1/-2/-1 
# 6 polygons

#
# object Box20312
#

v  -8657.6104 569.4064 -1553.0302
v  -8369.9834 569.4064 -1223.6794
v  -8498.4287 569.4064 -1111.5065
v  -8786.0557 569.4064 -1440.8572
v  -8657.6104 755.6879 -1553.0302
v  -8786.0557 755.6879 -1440.8572
v  -8498.4287 755.6879 -1111.5065
v  -8369.9834 755.6879 -1223.6794
# 8 vertices

vn 0.0000 -1.0000 -0.0000
vn 0.0000 1.0000 -0.0000
vn -0.6578 0.0000 -0.7532
vn -0.7532 0.0000 0.6578
vn 0.6578 0.0000 0.7532
vn 0.7532 0.0000 -0.6578
# 6 vertex normals

vt 1.0000 0.0000 0.0000
vt 1.0000 1.0000 0.0000
vt 0.0000 1.0000 0.0000
vt 0.0000 0.0000 0.0000
# 4 texture coords

g Box20312
usemtl _crayfishdiffuse
s 2
f -8/-4/-6 -7/-3/-6 -6/-2/-6 -5/-1/-6 
s 4
f -4/-1/-5 -3/-4/-5 -2/-3/-5 -1/-2/-5 
s 8
f -8/-1/-4 -5/-4/-4 -3/-3/-4 -4/-2/-4 
s 16
f -5/-1/-3 -6/-4/-3 -2/-3/-3 -3/-2/-3 
s 32
f -6/-1/-2 -7/-4/-2 -1/-3/-2 -2/-2/-2 
s 64
f -7/-1/-1 -8/-4/-1 -4/-3/-1 -1/-2/-1 
# 6 polygons

#
# object Box20313
#

v  -6923.7310 768.7405 -1203.6865
v  -6625.6904 768.7405 -1523.6440
v  -6500.9087 768.7405 -1407.4097
v  -6798.9492 768.7405 -1087.4521
v  -6923.7310 955.0219 -1203.6865
v  -6798.9492 955.0219 -1087.4521
v  -6500.9087 955.0219 -1407.4097
v  -6625.6904 955.0219 -1523.6440
# 8 vertices

vn 0.0000 -1.0000 -0.0000
vn 0.0000 1.0000 -0.0000
vn -0.6816 0.0000 0.7317
vn 0.7317 0.0000 0.6816
vn 0.6816 0.0000 -0.7317
vn -0.7317 0.0000 -0.6816
# 6 vertex normals

vt 1.0000 0.0000 0.0000
vt 1.0000 1.0000 0.0000
vt 0.0000 1.0000 0.0000
vt 0.0000 0.0000 0.0000
# 4 texture coords

g Box20313
usemtl _crayfishdiffuse
s 2
f -8/-4/-6 -7/-3/-6 -6/-2/-6 -5/-1/-6 
s 4
f -4/-1/-5 -3/-4/-5 -2/-3/-5 -1/-2/-5 
s 8
f -8/-1/-4 -5/-4/-4 -3/-3/-4 -4/-2/-4 
s 16
f -5/-1/-3 -6/-4/-3 -2/-3/-3 -3/-2/-3 
s 32
f -6/-1/-2 -7/-4/-2 -1/-3/-2 -2/-2/-2 
s 64
f -7/-1/-1 -8/-4/-1 -4/-3/-1 -1/-2/-1 
# 6 polygons

#
# object Box20314
#

v  -8718.5898 768.7405 -2644.1785
v  -8819.6289 768.7405 -2218.7466
v  -8985.5449 768.7405 -2258.1511
v  -8884.5059 768.7405 -2683.5830
v  -8718.5898 955.0219 -2644.1785
v  -8884.5059 955.0219 -2683.5830
v  -8985.5449 955.0219 -2258.1511
v  -8819.6289 955.0219 -2218.7466
# 8 vertices

vn 0.0000 -1.0000 -0.0000
vn 0.0000 1.0000 -0.0000
vn 0.2311 0.0000 -0.9729
vn -0.9729 0.0000 -0.2311
vn -0.2311 0.0000 0.9729
vn 0.9729 0.0000 0.2311
# 6 vertex normals

vt 1.0000 0.0000 0.0000
vt 1.0000 1.0000 0.0000
vt 0.0000 1.0000 0.0000
vt 0.0000 0.0000 0.0000
# 4 texture coords

g Box20314
usemtl _crayfishdiffuse
s 2
f -8/-4/-6 -7/-3/-6 -6/-2/-6 -5/-1/-6 
s 4
f -4/-1/-5 -3/-4/-5 -2/-3/-5 -1/-2/-5 
s 8
f -8/-1/-4 -5/-4/-4 -3/-3/-4 -4/-2/-4 
s 16
f -5/-1/-3 -6/-4/-3 -2/-3/-3 -3/-2/-3 
s 32
f -6/-1/-2 -7/-4/-2 -1/-3/-2 -2/-2/-2 
s 64
f -7/-1/-1 -8/-4/-1 -4/-3/-1 -1/-2/-1 
# 6 polygons

#
# object Box20315
#

v  -7664.0723 768.7405 -3350.8730
v  -8091.4844 768.7405 -3258.5686
v  -8127.4824 768.7405 -3425.2568
v  -7700.0703 768.7405 -3517.5613
v  -7664.0723 955.0219 -3350.8730
v  -7700.0703 955.0219 -3517.5613
v  -8127.4824 955.0219 -3425.2568
v  -8091.4844 955.0219 -3258.5686
# 8 vertices

vn 0.0000 -1.0000 -0.0000
vn 0.0000 1.0000 -0.0000
vn 0.9775 0.0000 -0.2111
vn -0.2111 0.0000 -0.9775
vn -0.9775 0.0000 0.2111
vn 0.2111 0.0000 0.9775
# 6 vertex normals

vt 1.0000 0.0000 0.0000
vt 1.0000 1.0000 0.0000
vt 0.0000 1.0000 0.0000
vt 0.0000 0.0000 0.0000
# 4 texture coords

g Box20315
usemtl _crayfishdiffuse
s 2
f -8/-4/-6 -7/-3/-6 -6/-2/-6 -5/-1/-6 
s 4
f -4/-1/-5 -3/-4/-5 -2/-3/-5 -1/-2/-5 
s 8
f -8/-1/-4 -5/-4/-4 -3/-3/-4 -4/-2/-4 
s 16
f -5/-1/-3 -6/-4/-3 -2/-3/-3 -3/-2/-3 
s 32
f -6/-1/-2 -7/-4/-2 -1/-3/-2 -2/-2/-2 
s 64
f -7/-1/-1 -8/-4/-1 -4/-3/-1 -1/-2/-1 
# 6 polygons

#
# object Box20316
#

v  -6446.3940 768.7405 -2278.5815
v  -6568.7437 768.7405 -2698.3811
v  -6405.0239 768.7405 -2746.0967
v  -6282.6743 768.7405 -2326.2971
v  -6446.3940 955.0219 -2278.5815
v  -6282.6743 955.0219 -2326.2971
v  -6405.0239 955.0219 -2746.0967
v  -6568.7437 955.0219 -2698.3811
# 8 vertices

vn 0.0000 -1.0000 -0.0000
vn 0.0000 1.0000 -0.0000
vn 0.2798 0.0000 0.9601
vn 0.9601 0.0000 -0.2798
vn -0.2798 0.0000 -0.9601
vn -0.9601 0.0000 0.2798
# 6 vertex normals

vt 1.0000 0.0000 0.0000
vt 1.0000 1.0000 0.0000
vt 0.0000 1.0000 0.0000
vt 0.0000 0.0000 0.0000
# 4 texture coords

g Box20316
usemtl _crayfishdiffuse
s 2
f -8/-4/-6 -7/-3/-6 -6/-2/-6 -5/-1/-6 
s 4
f -4/-1/-5 -3/-4/-5 -2/-3/-5 -1/-2/-5 
s 8
f -8/-1/-4 -5/-4/-4 -3/-3/-4 -4/-2/-4 
s 16
f -5/-1/-3 -6/-4/-3 -2/-3/-3 -3/-2/-3 
s 32
f -6/-1/-2 -7/-4/-2 -1/-3/-2 -2/-2/-2 
s 64
f -7/-1/-1 -8/-4/-1 -4/-3/-1 -1/-2/-1 
# 6 polygons

#
# object Box20317
#

v  -6445.6973 968.3275 -2068.7373
v  -6493.5781 968.3275 -2503.3735
v  -6324.0723 968.3275 -2522.0469
v  -6276.1914 968.3275 -2087.4106
v  -6445.6973 1154.6089 -2068.7373
v  -6276.1914 1154.6089 -2087.4106
v  -6324.0723 1154.6089 -2522.0469
v  -6493.5781 1154.6089 -2503.3735
# 8 vertices

vn 0.0000 -1.0000 -0.0000
vn 0.0000 1.0000 -0.0000
vn 0.1095 0.0000 0.9940
vn 0.9940 0.0000 -0.1095
vn -0.1095 0.0000 -0.9940
vn -0.9940 0.0000 0.1095
# 6 vertex normals

vt 1.0000 0.0000 0.0000
vt 1.0000 1.0000 0.0000
vt 0.0000 1.0000 0.0000
vt 0.0000 0.0000 0.0000
# 4 texture coords

g Box20317
usemtl _crayfishdiffuse
s 2
f -8/-4/-6 -7/-3/-6 -6/-2/-6 -5/-1/-6 
s 4
f -4/-1/-5 -3/-4/-5 -2/-3/-5 -1/-2/-5 
s 8
f -8/-1/-4 -5/-4/-4 -3/-3/-4 -4/-2/-4 
s 16
f -5/-1/-3 -6/-4/-3 -2/-3/-3 -3/-2/-3 
s 32
f -6/-1/-2 -7/-4/-2 -1/-3/-2 -2/-2/-2 
s 64
f -7/-1/-1 -8/-4/-1 -4/-3/-1 -1/-2/-1 
# 6 polygons

#
# object Box20318
#

v  -6560.8364 569.4064 -1640.2443
v  -6446.2056 569.4064 -2062.2170
v  -6281.6382 569.4064 -2017.5116
v  -6396.2690 569.4064 -1595.5388
v  -6560.8364 755.6879 -1640.2443
v  -6396.2690 755.6879 -1595.5388
v  -6281.6382 755.6879 -2017.5116
v  -6446.2056 755.6879 -2062.2170
# 8 vertices

vn 0.0000 -1.0000 -0.0000
vn 0.0000 1.0000 -0.0000
vn -0.2622 0.0000 0.9650
vn 0.9650 0.0000 0.2622
vn 0.2622 0.0000 -0.9650
vn -0.9650 0.0000 -0.2622
# 6 vertex normals

vt 1.0000 0.0000 0.0000
vt 1.0000 1.0000 0.0000
vt 0.0000 1.0000 0.0000
vt 0.0000 0.0000 0.0000
# 4 texture coords

g Box20318
usemtl _crayfishdiffuse
s 2
f -8/-4/-6 -7/-3/-6 -6/-2/-6 -5/-1/-6 
s 4
f -4/-1/-5 -3/-4/-5 -2/-3/-5 -1/-2/-5 
s 8
f -8/-1/-4 -5/-4/-4 -3/-3/-4 -4/-2/-4 
s 16
f -5/-1/-3 -6/-4/-3 -2/-3/-3 -3/-2/-3 
s 32
f -6/-1/-2 -7/-4/-2 -1/-3/-2 -2/-2/-2 
s 64
f -7/-1/-1 -8/-4/-1 -4/-3/-1 -1/-2/-1 
# 6 polygons

#
# object Box20319
#

v  -6703.3047 569.4064 -2901.6440
v  -7034.5894 569.4064 -3187.0417
v  -6923.2861 569.4064 -3316.2407
v  -6592.0015 569.4064 -3030.8430
v  -6703.3047 755.6879 -2901.6440
v  -6592.0015 755.6879 -3030.8430
v  -6923.2861 755.6879 -3316.2407
v  -7034.5894 755.6879 -3187.0417
# 8 vertices

vn 0.0000 -1.0000 -0.0000
vn 0.0000 1.0000 -0.0000
vn 0.7576 0.0000 0.6527
vn 0.6527 0.0000 -0.7576
vn -0.7576 0.0000 -0.6527
vn -0.6527 0.0000 0.7576
# 6 vertex normals

vt 1.0000 0.0000 0.0000
vt 1.0000 1.0000 0.0000
vt 0.0000 1.0000 0.0000
vt 0.0000 0.0000 0.0000
# 4 texture coords

g Box20319
usemtl _crayfishdiffuse
s 2
f -8/-4/-6 -7/-3/-6 -6/-2/-6 -5/-1/-6 
s 4
f -4/-1/-5 -3/-4/-5 -2/-3/-5 -1/-2/-5 
s 8
f -8/-1/-4 -5/-4/-4 -3/-3/-4 -4/-2/-4 
s 16
f -5/-1/-3 -6/-4/-3 -2/-3/-3 -3/-2/-3 
s 32
f -6/-1/-2 -7/-4/-2 -1/-3/-2 -2/-2/-2 
s 64
f -7/-1/-1 -8/-4/-1 -4/-3/-1 -1/-2/-1 
# 6 polygons

#
# object Box20320
#

v  -7970.3066 569.4064 -1016.6453
v  -7535.3574 569.4064 -971.6985
v  -7552.8867 569.4064 -802.0706
v  -7987.8359 569.4064 -847.0173
v  -7970.3066 755.6879 -1016.6453
v  -7987.8359 755.6879 -847.0173
v  -7552.8867 755.6879 -802.0706
v  -7535.3574 755.6879 -971.6985
# 8 vertices

vn 0.0000 -1.0000 -0.0000
vn 0.0000 1.0000 -0.0000
vn -0.9947 0.0000 -0.1028
vn -0.1028 0.0000 0.9947
vn 0.9947 0.0000 0.1028
vn 0.1028 0.0000 -0.9947
# 6 vertex normals

vt 1.0000 0.0000 0.0000
vt 1.0000 1.0000 0.0000
vt 0.0000 1.0000 0.0000
vt 0.0000 0.0000 0.0000
# 4 texture coords

g Box20320
usemtl _crayfishdiffuse
s 2
f -8/-4/-6 -7/-3/-6 -6/-2/-6 -5/-1/-6 
s 4
f -4/-1/-5 -3/-4/-5 -2/-3/-5 -1/-2/-5 
s 8
f -8/-1/-4 -5/-4/-4 -3/-3/-4 -4/-2/-4 
s 16
f -5/-1/-3 -6/-4/-3 -2/-3/-3 -3/-2/-3 
s 32
f -6/-1/-2 -7/-4/-2 -1/-3/-2 -2/-2/-2 
s 64
f -7/-1/-1 -8/-4/-1 -4/-3/-1 -1/-2/-1 
# 6 polygons

#
# object Box20321
#

v  -8620.3877 569.4064 -2821.9031
v  -8793.5010 569.4064 -2420.3652
v  -8950.0986 569.4064 -2487.8787
v  -8776.9854 569.4064 -2889.4165
v  -8620.3877 755.6879 -2821.9031
v  -8776.9854 755.6879 -2889.4165
v  -8950.0986 755.6879 -2487.8787
v  -8793.5010 755.6879 -2420.3652
# 8 vertices

vn 0.0000 -1.0000 -0.0000
vn 0.0000 1.0000 -0.0000
vn 0.3959 0.0000 -0.9183
vn -0.9183 0.0000 -0.3959
vn -0.3959 0.0000 0.9183
vn 0.9183 0.0000 0.3959
# 6 vertex normals

vt 1.0000 0.0000 0.0000
vt 1.0000 1.0000 0.0000
vt 0.0000 1.0000 0.0000
vt 0.0000 0.0000 0.0000
# 4 texture coords

g Box20321
usemtl _crayfishdiffuse
s 2
f -8/-4/-6 -7/-3/-6 -6/-2/-6 -5/-1/-6 
s 4
f -4/-1/-5 -3/-4/-5 -2/-3/-5 -1/-2/-5 
s 8
f -8/-1/-4 -5/-4/-4 -3/-3/-4 -4/-2/-4 
s 16
f -5/-1/-3 -6/-4/-3 -2/-3/-3 -3/-2/-3 
s 32
f -6/-1/-2 -7/-4/-2 -1/-3/-2 -2/-2/-2 
s 64
f -7/-1/-1 -8/-4/-1 -4/-3/-1 -1/-2/-1 
# 6 polygons

#
# object Box20322
#

v  -8364.8379 569.4064 -1219.6417
v  -7976.5723 569.4064 -1018.5182
v  -8055.0093 569.4064 -867.0966
v  -8443.2754 569.4064 -1068.2201
v  -8364.8379 755.6879 -1219.6417
v  -8443.2754 755.6879 -1068.2201
v  -8055.0093 755.6879 -867.0966
v  -7976.5723 755.6879 -1018.5182
# 8 vertices

vn 0.0000 -1.0000 -0.0000
vn 0.0000 1.0000 -0.0000
vn -0.8879 0.0000 -0.4600
vn -0.4600 0.0000 0.8879
vn 0.8879 0.0000 0.4600
vn 0.4600 0.0000 -0.8879
# 6 vertex normals

vt 1.0000 0.0000 0.0000
vt 1.0000 1.0000 0.0000
vt 0.0000 1.0000 0.0000
vt 0.0000 0.0000 0.0000
# 4 texture coords

g Box20322
usemtl _crayfishdiffuse
s 2
f -8/-4/-6 -7/-3/-6 -6/-2/-6 -5/-1/-6 
s 4
f -4/-1/-5 -3/-4/-5 -2/-3/-5 -1/-2/-5 
s 8
f -8/-1/-4 -5/-4/-4 -3/-3/-4 -4/-2/-4 
s 16
f -5/-1/-3 -6/-4/-3 -2/-3/-3 -3/-2/-3 
s 32
f -6/-1/-2 -7/-4/-2 -1/-3/-2 -2/-2/-2 
s 64
f -7/-1/-1 -8/-4/-1 -4/-3/-1 -1/-2/-1 
# 6 polygons

#
# object Box20323
#

v  -7323.5186 768.7405 -1011.2470
v  -6929.0024 768.7405 -1199.8158
v  -6855.4619 768.7405 -1045.9567
v  -7249.9780 768.7405 -857.3878
v  -7323.5186 955.0219 -1011.2470
v  -7249.9780 955.0219 -857.3878
v  -6855.4619 955.0219 -1045.9567
v  -6929.0024 955.0219 -1199.8158
# 8 vertices

vn 0.0000 -1.0000 -0.0000
vn 0.0000 1.0000 -0.0000
vn -0.9022 0.0000 0.4312
vn 0.4312 0.0000 0.9022
vn 0.9022 0.0000 -0.4312
vn -0.4312 0.0000 -0.9022
# 6 vertex normals

vt 1.0000 0.0000 0.0000
vt 1.0000 1.0000 0.0000
vt 0.0000 1.0000 0.0000
vt 0.0000 0.0000 0.0000
# 4 texture coords

g Box20323
usemtl _crayfishdiffuse
s 2
f -8/-4/-6 -7/-3/-6 -6/-2/-6 -5/-1/-6 
s 4
f -4/-1/-5 -3/-4/-5 -2/-3/-5 -1/-2/-5 
s 8
f -8/-1/-4 -5/-4/-4 -3/-3/-4 -4/-2/-4 
s 16
f -5/-1/-3 -6/-4/-3 -2/-3/-3 -3/-2/-3 
s 32
f -6/-1/-2 -7/-4/-2 -1/-3/-2 -2/-2/-2 
s 64
f -7/-1/-1 -8/-4/-1 -4/-3/-1 -1/-2/-1 
# 6 polygons

#
# object Box20324
#

v  -8819.9277 768.7405 -2212.2139
v  -8758.1328 768.7405 -1779.3367
v  -8926.9531 768.7405 -1755.2369
v  -8988.7480 768.7405 -2188.1140
v  -8819.9277 955.0219 -2212.2139
v  -8988.7480 955.0219 -2188.1140
v  -8926.9531 955.0219 -1755.2369
v  -8758.1328 955.0219 -1779.3367
# 8 vertices

vn 0.0000 -1.0000 -0.0000
vn 0.0000 1.0000 -0.0000
vn -0.1413 0.0000 -0.9900
vn -0.9900 0.0000 0.1413
vn 0.1413 0.0000 0.9900
vn 0.9900 0.0000 -0.1413
# 6 vertex normals

vt 1.0000 0.0000 0.0000
vt 1.0000 1.0000 0.0000
vt 0.0000 1.0000 0.0000
vt 0.0000 0.0000 0.0000
# 4 texture coords

g Box20324
usemtl _crayfishdiffuse
s 2
f -8/-4/-6 -7/-3/-6 -6/-2/-6 -5/-1/-6 
s 4
f -4/-1/-5 -3/-4/-5 -2/-3/-5 -1/-2/-5 
s 8
f -8/-1/-4 -5/-4/-4 -3/-3/-4 -4/-2/-4 
s 16
f -5/-1/-3 -6/-4/-3 -2/-3/-3 -3/-2/-3 
s 32
f -6/-1/-2 -7/-4/-2 -1/-3/-2 -2/-2/-2 
s 64
f -7/-1/-1 -8/-4/-1 -4/-3/-1 -1/-2/-1 
# 6 polygons

#
# object Box20325
#

v  -7040.2529 569.4064 -3190.3115
v  -7453.0454 569.4064 -3334.5464
v  -7396.7949 569.4064 -3495.5332
v  -6984.0024 569.4064 -3351.2983
v  -7040.2529 755.6879 -3190.3115
v  -6984.0024 755.6879 -3351.2983
v  -7396.7949 755.6879 -3495.5332
v  -7453.0454 755.6879 -3334.5464
# 8 vertices

vn 0.0000 -1.0000 -0.0000
vn 0.0000 1.0000 -0.0000
vn 0.9440 0.0000 0.3299
vn 0.3299 0.0000 -0.9440
vn -0.9440 0.0000 -0.3299
vn -0.3299 0.0000 0.9440
# 6 vertex normals

vt 1.0000 0.0000 0.0000
vt 1.0000 1.0000 0.0000
vt 0.0000 1.0000 0.0000
vt 0.0000 0.0000 0.0000
# 4 texture coords

g Box20325
usemtl _crayfishdiffuse
s 2
f -8/-4/-6 -7/-3/-6 -6/-2/-6 -5/-1/-6 
s 4
f -4/-1/-5 -3/-4/-5 -2/-3/-5 -1/-2/-5 
s 8
f -8/-1/-4 -5/-4/-4 -3/-3/-4 -4/-2/-4 
s 16
f -5/-1/-3 -6/-4/-3 -2/-3/-3 -3/-2/-3 
s 32
f -6/-1/-2 -7/-4/-2 -1/-3/-2 -2/-2/-2 
s 64
f -7/-1/-1 -8/-4/-1 -4/-3/-1 -1/-2/-1 
# 6 polygons

#
# object Box20326
#

v  -6748.4995 968.3275 -1361.0459
v  -6520.3770 968.3275 -1734.0891
v  -6374.8921 968.3275 -1645.1226
v  -6603.0146 968.3275 -1272.0793
v  -6748.4995 1154.6089 -1361.0459
v  -6603.0146 1154.6089 -1272.0793
v  -6374.8921 1154.6089 -1645.1226
v  -6520.3770 1154.6089 -1734.0891
# 8 vertices

vn 0.0000 -1.0000 -0.0000
vn 0.0000 1.0000 -0.0000
vn -0.5217 0.0000 0.8531
vn 0.8531 0.0000 0.5217
vn 0.5217 0.0000 -0.8531
vn -0.8531 0.0000 -0.5217
# 6 vertex normals

vt 1.0000 0.0000 0.0000
vt 1.0000 1.0000 0.0000
vt 0.0000 1.0000 0.0000
vt 0.0000 0.0000 0.0000
# 4 texture coords

g Box20326
usemtl _crayfishdiffuse
s 2
f -8/-4/-6 -7/-3/-6 -6/-2/-6 -5/-1/-6 
s 4
f -4/-1/-5 -3/-4/-5 -2/-3/-5 -1/-2/-5 
s 8
f -8/-1/-4 -5/-4/-4 -3/-3/-4 -4/-2/-4 
s 16
f -5/-1/-3 -6/-4/-3 -2/-3/-3 -3/-2/-3 
s 32
f -6/-1/-2 -7/-4/-2 -1/-3/-2 -2/-2/-2 
s 64
f -7/-1/-1 -8/-4/-1 -4/-3/-1 -1/-2/-1 
# 6 polygons

#
# object Box20327
#

v  -7040.2529 968.3275 -3190.3115
v  -7453.0454 968.3275 -3334.5464
v  -7396.7949 968.3275 -3495.5332
v  -6984.0024 968.3275 -3351.2983
v  -7040.2529 1154.6089 -3190.3115
v  -6984.0024 1154.6089 -3351.2983
v  -7396.7949 1154.6089 -3495.5332
v  -7453.0454 1154.6089 -3334.5464
# 8 vertices

vn 0.0000 -1.0000 -0.0000
vn 0.0000 1.0000 -0.0000
vn 0.9440 0.0000 0.3299
vn 0.3299 0.0000 -0.9440
vn -0.9440 0.0000 -0.3299
vn -0.3299 0.0000 0.9440
# 6 vertex normals

vt 1.0000 0.0000 0.0000
vt 1.0000 1.0000 0.0000
vt 0.0000 1.0000 0.0000
vt 0.0000 0.0000 0.0000
# 4 texture coords

g Box20327
usemtl _crayfishdiffuse
s 2
f -8/-4/-6 -7/-3/-6 -6/-2/-6 -5/-1/-6 
s 4
f -4/-1/-5 -3/-4/-5 -2/-3/-5 -1/-2/-5 
s 8
f -8/-1/-4 -5/-4/-4 -3/-3/-4 -4/-2/-4 
s 16
f -5/-1/-3 -6/-4/-3 -2/-3/-3 -3/-2/-3 
s 32
f -6/-1/-2 -7/-4/-2 -1/-3/-2 -2/-2/-2 
s 64
f -7/-1/-1 -8/-4/-1 -4/-3/-1 -1/-2/-1 
# 6 polygons

#
# object Box20328
#

v  -8807.9355 569.4064 -1970.4808
v  -8660.9180 569.4064 -1558.6713
v  -8821.5215 569.4064 -1501.3353
v  -8968.5391 569.4064 -1913.1449
v  -8807.9355 755.6879 -1970.4808
v  -8968.5391 755.6879 -1913.1449
v  -8821.5215 755.6879 -1501.3353
v  -8660.9180 755.6879 -1558.6713
# 8 vertices

vn 0.0000 -1.0000 -0.0000
vn 0.0000 1.0000 -0.0000
vn -0.3362 0.0000 -0.9418
vn -0.9418 0.0000 0.3362
vn 0.3362 0.0000 0.9418
vn 0.9418 0.0000 -0.3362
# 6 vertex normals

vt 1.0000 0.0000 0.0000
vt 1.0000 1.0000 0.0000
vt 0.0000 1.0000 0.0000
vt 0.0000 0.0000 0.0000
# 4 texture coords

g Box20328
usemtl _crayfishdiffuse
s 2
f -8/-4/-6 -7/-3/-6 -6/-2/-6 -5/-1/-6 
s 4
f -4/-1/-5 -3/-4/-5 -2/-3/-5 -1/-2/-5 
s 8
f -8/-1/-4 -5/-4/-4 -3/-3/-4 -4/-2/-4 
s 16
f -5/-1/-3 -6/-4/-3 -2/-3/-3 -3/-2/-3 
s 32
f -6/-1/-2 -7/-4/-2 -1/-3/-2 -2/-2/-2 
s 64
f -7/-1/-1 -8/-4/-1 -4/-3/-1 -1/-2/-1 
# 6 polygons

#
# object Box20329
#

v  -7101.7900 175.0415 -1092.6267
v  -6752.8916 175.0415 -1356.2002
v  -6650.0996 175.0415 -1220.1316
v  -6998.9980 175.0415 -956.5581
v  -7101.7900 361.3230 -1092.6267
v  -6998.9980 361.3230 -956.5581
v  -6650.0996 361.3230 -1220.1316
v  -6752.8916 361.3230 -1356.2002
# 8 vertices

vn 0.0000 -1.0000 -0.0000
vn 0.0000 1.0000 -0.0000
vn -0.7979 0.0000 0.6028
vn 0.6028 0.0000 0.7979
vn 0.7979 0.0000 -0.6028
vn -0.6028 0.0000 -0.7979
# 6 vertex normals

vt 1.0000 0.0000 0.0000
vt 1.0000 1.0000 0.0000
vt 0.0000 1.0000 0.0000
vt 0.0000 0.0000 0.0000
# 4 texture coords

g Box20329
usemtl _crayfishdiffuse
s 2
f -8/-4/-6 -7/-3/-6 -6/-2/-6 -5/-1/-6 
s 4
f -4/-1/-5 -3/-4/-5 -2/-3/-5 -1/-2/-5 
s 8
f -8/-1/-4 -5/-4/-4 -3/-3/-4 -4/-2/-4 
s 16
f -5/-1/-3 -6/-4/-3 -2/-3/-3 -3/-2/-3 
s 32
f -6/-1/-2 -7/-4/-2 -1/-3/-2 -2/-2/-2 
s 64
f -7/-1/-1 -8/-4/-1 -4/-3/-1 -1/-2/-1 
# 6 polygons

#
# object Box20330
#

v  -6748.4995 175.0415 -1361.0459
v  -6520.3770 175.0415 -1734.0891
v  -6374.8921 175.0415 -1645.1226
v  -6603.0146 175.0415 -1272.0793
v  -6748.4995 361.3230 -1361.0459
v  -6603.0146 361.3230 -1272.0793
v  -6374.8921 361.3230 -1645.1226
v  -6520.3770 361.3230 -1734.0891
# 8 vertices

vn 0.0000 -1.0000 -0.0000
vn 0.0000 1.0000 -0.0000
vn -0.5217 0.0000 0.8531
vn 0.8531 0.0000 0.5217
vn 0.5217 0.0000 -0.8531
vn -0.8531 0.0000 -0.5217
# 6 vertex normals

vt 1.0000 0.0000 0.0000
vt 1.0000 1.0000 0.0000
vt 0.0000 1.0000 0.0000
vt 0.0000 0.0000 0.0000
# 4 texture coords

g Box20330
usemtl _crayfishdiffuse
s 2
f -8/-4/-6 -7/-3/-6 -6/-2/-6 -5/-1/-6 
s 4
f -4/-1/-5 -3/-4/-5 -2/-3/-5 -1/-2/-5 
s 8
f -8/-1/-4 -5/-4/-4 -3/-3/-4 -4/-2/-4 
s 16
f -5/-1/-3 -6/-4/-3 -2/-3/-3 -3/-2/-3 
s 32
f -6/-1/-2 -7/-4/-2 -1/-3/-2 -2/-2/-2 
s 64
f -7/-1/-1 -8/-4/-1 -4/-3/-1 -1/-2/-1 
# 6 polygons

#
# object Box20331
#

v  -6445.6973 175.0415 -2068.7373
v  -6493.5781 175.0415 -2503.3735
v  -6324.0723 175.0415 -2522.0469
v  -6276.1914 175.0415 -2087.4106
v  -6445.6973 361.3230 -2068.7373
v  -6276.1914 361.3230 -2087.4106
v  -6324.0723 361.3230 -2522.0469
v  -6493.5781 361.3230 -2503.3735
# 8 vertices

vn 0.0000 -1.0000 -0.0000
vn 0.0000 1.0000 -0.0000
vn 0.1095 0.0000 0.9940
vn 0.9940 0.0000 -0.1095
vn -0.1095 0.0000 -0.9940
vn -0.9940 0.0000 0.1095
# 6 vertex normals

vt 1.0000 0.0000 0.0000
vt 1.0000 1.0000 0.0000
vt 0.0000 1.0000 0.0000
vt 0.0000 0.0000 0.0000
# 4 texture coords

g Box20331
usemtl _crayfishdiffuse
s 2
f -8/-4/-6 -7/-3/-6 -6/-2/-6 -5/-1/-6 
s 4
f -4/-1/-5 -3/-4/-5 -2/-3/-5 -1/-2/-5 
s 8
f -8/-1/-4 -5/-4/-4 -3/-3/-4 -4/-2/-4 
s 16
f -5/-1/-3 -6/-4/-3 -2/-3/-3 -3/-2/-3 
s 32
f -6/-1/-2 -7/-4/-2 -1/-3/-2 -2/-2/-2 
s 64
f -7/-1/-1 -8/-4/-1 -4/-3/-1 -1/-2/-1 
# 6 polygons

#
# object Box20332
#

v  -8308.5762 175.0415 -3137.5559
v  -8616.7246 175.0415 -2827.3208
v  -8737.7148 175.0415 -2947.4968
v  -8429.5664 175.0415 -3257.7319
v  -8308.5762 361.3230 -3137.5559
v  -8429.5664 361.3230 -3257.7319
v  -8737.7148 361.3230 -2947.4968
v  -8616.7246 361.3230 -2827.3208
# 8 vertices

vn 0.0000 -1.0000 -0.0000
vn 0.0000 1.0000 -0.0000
vn 0.7047 0.0000 -0.7095
vn -0.7095 0.0000 -0.7047
vn -0.7047 0.0000 0.7095
vn 0.7095 0.0000 0.7047
# 6 vertex normals

vt 1.0000 0.0000 0.0000
vt 1.0000 1.0000 0.0000
vt 0.0000 1.0000 0.0000
vt 0.0000 0.0000 0.0000
# 4 texture coords

g Box20332
usemtl _crayfishdiffuse
s 2
f -8/-4/-6 -7/-3/-6 -6/-2/-6 -5/-1/-6 
s 4
f -4/-1/-5 -3/-4/-5 -2/-3/-5 -1/-2/-5 
s 8
f -8/-1/-4 -5/-4/-4 -3/-3/-4 -4/-2/-4 
s 16
f -5/-1/-3 -6/-4/-3 -2/-3/-3 -3/-2/-3 
s 32
f -6/-1/-2 -7/-4/-2 -1/-3/-2 -2/-2/-2 
s 64
f -7/-1/-1 -8/-4/-1 -4/-3/-1 -1/-2/-1 
# 6 polygons

#
# object Box20333
#

v  -6571.7114 -24.5455 -2704.2090
v  -6839.3110 -24.5455 -3050.0293
v  -6704.4429 -24.5455 -3154.3916
v  -6436.8433 -24.5455 -2808.5713
v  -6571.7114 161.7360 -2704.2090
v  -6436.8433 161.7360 -2808.5713
v  -6704.4429 161.7360 -3154.3916
v  -6839.3110 161.7360 -3050.0293
# 8 vertices

vn 0.0000 -1.0000 -0.0000
vn 0.0000 1.0000 -0.0000
vn 0.6120 0.0000 0.7909
vn 0.7909 0.0000 -0.6120
vn -0.6120 0.0000 -0.7909
vn -0.7909 0.0000 0.6120
# 6 vertex normals

vt 1.0000 0.0000 0.0000
vt 1.0000 1.0000 0.0000
vt 0.0000 1.0000 0.0000
vt 0.0000 0.0000 0.0000
# 4 texture coords

g Box20333
usemtl _crayfishdiffuse
s 2
f -8/-4/-6 -7/-3/-6 -6/-2/-6 -5/-1/-6 
s 4
f -4/-1/-5 -3/-4/-5 -2/-3/-5 -1/-2/-5 
s 8
f -8/-1/-4 -5/-4/-4 -3/-3/-4 -4/-2/-4 
s 16
f -5/-1/-3 -6/-4/-3 -2/-3/-3 -3/-2/-3 
s 32
f -6/-1/-2 -7/-4/-2 -1/-3/-2 -2/-2/-2 
s 64
f -7/-1/-1 -8/-4/-1 -4/-3/-1 -1/-2/-1 
# 6 polygons

#
# object Box20334
#

v  -8657.6104 175.0415 -1553.0302
v  -8369.9834 175.0415 -1223.6794
v  -8498.4287 175.0415 -1111.5065
v  -8786.0557 175.0415 -1440.8572
v  -8657.6104 361.3230 -1553.0302
v  -8786.0557 361.3230 -1440.8572
v  -8498.4287 361.3230 -1111.5065
v  -8369.9834 361.3230 -1223.6794
# 8 vertices

vn 0.0000 -1.0000 -0.0000
vn 0.0000 1.0000 -0.0000
vn -0.6578 0.0000 -0.7532
vn -0.7532 0.0000 0.6578
vn 0.6578 0.0000 0.7532
vn 0.7532 0.0000 -0.6578
# 6 vertex normals

vt 1.0000 0.0000 0.0000
vt 1.0000 1.0000 0.0000
vt 0.0000 1.0000 0.0000
vt 0.0000 0.0000 0.0000
# 4 texture coords

g Box20334
usemtl _crayfishdiffuse
s 2
f -8/-4/-6 -7/-3/-6 -6/-2/-6 -5/-1/-6 
s 4
f -4/-1/-5 -3/-4/-5 -2/-3/-5 -1/-2/-5 
s 8
f -8/-1/-4 -5/-4/-4 -3/-3/-4 -4/-2/-4 
s 16
f -5/-1/-3 -6/-4/-3 -2/-3/-3 -3/-2/-3 
s 32
f -6/-1/-2 -7/-4/-2 -1/-3/-2 -2/-2/-2 
s 64
f -7/-1/-1 -8/-4/-1 -4/-3/-1 -1/-2/-1 
# 6 polygons

#
# object Box20335
#

v  -6485.6689 -24.5455 -1836.6306
v  -6445.7661 -24.5455 -2272.0718
v  -6275.9463 -24.5455 -2256.5098
v  -6315.8491 -24.5455 -1821.0686
v  -6485.6689 161.7360 -1836.6306
v  -6315.8491 161.7360 -1821.0686
v  -6275.9463 161.7360 -2256.5098
v  -6445.7661 161.7360 -2272.0718
# 8 vertices

vn 0.0000 -1.0000 -0.0000
vn 0.0000 1.0000 -0.0000
vn -0.0913 0.0000 0.9958
vn 0.9958 0.0000 0.0913
vn 0.0913 0.0000 -0.9958
vn -0.9958 0.0000 -0.0913
# 6 vertex normals

vt 1.0000 0.0000 0.0000
vt 1.0000 1.0000 0.0000
vt 0.0000 1.0000 0.0000
vt 0.0000 0.0000 0.0000
# 4 texture coords

g Box20335
usemtl _crayfishdiffuse
s 2
f -8/-4/-6 -7/-3/-6 -6/-2/-6 -5/-1/-6 
s 4
f -4/-1/-5 -3/-4/-5 -2/-3/-5 -1/-2/-5 
s 8
f -8/-1/-4 -5/-4/-4 -3/-3/-4 -4/-2/-4 
s 16
f -5/-1/-3 -6/-4/-3 -2/-3/-3 -3/-2/-3 
s 32
f -6/-1/-2 -7/-4/-2 -1/-3/-2 -2/-2/-2 
s 64
f -7/-1/-1 -8/-4/-1 -4/-3/-1 -1/-2/-1 
# 6 polygons

#
# object Box20336
#

v  -7040.2529 175.0415 -3190.3115
v  -7453.0454 175.0415 -3334.5464
v  -7396.7949 175.0415 -3495.5332
v  -6984.0024 175.0415 -3351.2983
v  -7040.2529 361.3230 -3190.3115
v  -6984.0024 361.3230 -3351.2983
v  -7396.7949 361.3230 -3495.5332
v  -7453.0454 361.3230 -3334.5464
# 8 vertices

vn 0.0000 -1.0000 -0.0000
vn 0.0000 1.0000 -0.0000
vn 0.9440 0.0000 0.3299
vn 0.3299 0.0000 -0.9440
vn -0.9440 0.0000 -0.3299
vn -0.3299 0.0000 0.9440
# 6 vertex normals

vt 1.0000 0.0000 0.0000
vt 1.0000 1.0000 0.0000
vt 0.0000 1.0000 0.0000
vt 0.0000 0.0000 0.0000
# 4 texture coords

g Box20336
usemtl _crayfishdiffuse
s 2
f -8/-4/-6 -7/-3/-6 -6/-2/-6 -5/-1/-6 
s 4
f -4/-1/-5 -3/-4/-5 -2/-3/-5 -1/-2/-5 
s 8
f -8/-1/-4 -5/-4/-4 -3/-3/-4 -4/-2/-4 
s 16
f -5/-1/-3 -6/-4/-3 -2/-3/-3 -3/-2/-3 
s 32
f -6/-1/-2 -7/-4/-2 -1/-3/-2 -2/-2/-2 
s 64
f -7/-1/-1 -8/-4/-1 -4/-3/-1 -1/-2/-1 
# 6 polygons

#
# object Box20337
#

v  -7528.8413 175.0415 -972.2504
v  -7107.6514 175.0415 -1089.7263
v  -7061.8364 175.0415 -925.4647
v  -7483.0264 175.0415 -807.9888
v  -7528.8413 361.3230 -972.2504
v  -7483.0264 361.3230 -807.9888
v  -7061.8364 361.3230 -925.4647
v  -7107.6514 361.3230 -1089.7263
# 8 vertices

vn 0.0000 -1.0000 -0.0000
vn 0.0000 1.0000 -0.0000
vn -0.9632 0.0000 0.2687
vn 0.2687 0.0000 0.9632
vn 0.9632 0.0000 -0.2687
vn -0.2687 0.0000 -0.9632
# 6 vertex normals

vt 1.0000 0.0000 0.0000
vt 1.0000 1.0000 0.0000
vt 0.0000 1.0000 0.0000
vt 0.0000 0.0000 0.0000
# 4 texture coords

g Box20337
usemtl _crayfishdiffuse
s 2
f -8/-4/-6 -7/-3/-6 -6/-2/-6 -5/-1/-6 
s 4
f -4/-1/-5 -3/-4/-5 -2/-3/-5 -1/-2/-5 
s 8
f -8/-1/-4 -5/-4/-4 -3/-3/-4 -4/-2/-4 
s 16
f -5/-1/-3 -6/-4/-3 -2/-3/-3 -3/-2/-3 
s 32
f -6/-1/-2 -7/-4/-2 -1/-3/-2 -2/-2/-2 
s 64
f -7/-1/-1 -8/-4/-1 -4/-3/-1 -1/-2/-1 
# 6 polygons

#
# object Box20338
#

v  -6684.0796 -24.5455 -1439.7723
v  -6487.4692 -24.5455 -1830.3433
v  -6335.1489 -24.5455 -1753.6664
v  -6531.7593 -24.5455 -1363.0955
v  -6684.0796 161.7360 -1439.7723
v  -6531.7593 161.7360 -1363.0955
v  -6335.1489 161.7360 -1753.6664
v  -6487.4692 161.7360 -1830.3433
# 8 vertices

vn 0.0000 -1.0000 -0.0000
vn 0.0000 1.0000 -0.0000
vn -0.4496 0.0000 0.8932
vn 0.8932 0.0000 0.4496
vn 0.4496 0.0000 -0.8932
vn -0.8932 0.0000 -0.4496
# 6 vertex normals

vt 1.0000 0.0000 0.0000
vt 1.0000 1.0000 0.0000
vt 0.0000 1.0000 0.0000
vt 0.0000 0.0000 0.0000
# 4 texture coords

g Box20338
usemtl _crayfishdiffuse
s 2
f -8/-4/-6 -7/-3/-6 -6/-2/-6 -5/-1/-6 
s 4
f -4/-1/-5 -3/-4/-5 -2/-3/-5 -1/-2/-5 
s 8
f -8/-1/-4 -5/-4/-4 -3/-3/-4 -4/-2/-4 
s 16
f -5/-1/-3 -6/-4/-3 -2/-3/-3 -3/-2/-3 
s 32
f -6/-1/-2 -7/-4/-2 -1/-3/-2 -2/-2/-2 
s 64
f -7/-1/-1 -8/-4/-1 -4/-3/-1 -1/-2/-1 
# 6 polygons

#
# object Box20339
#

v  -6446.3940 -24.5455 -2278.5815
v  -6568.7437 -24.5455 -2698.3811
v  -6405.0239 -24.5455 -2746.0967
v  -6282.6743 -24.5455 -2326.2971
v  -6446.3940 161.7360 -2278.5815
v  -6282.6743 161.7360 -2326.2971
v  -6405.0239 161.7360 -2746.0967
v  -6568.7437 161.7360 -2698.3811
# 8 vertices

vn 0.0000 -1.0000 -0.0000
vn 0.0000 1.0000 -0.0000
vn 0.2798 0.0000 0.9601
vn 0.9601 0.0000 -0.2798
vn -0.2798 0.0000 -0.9601
vn -0.9601 0.0000 0.2798
# 6 vertex normals

vt 1.0000 0.0000 0.0000
vt 1.0000 1.0000 0.0000
vt 0.0000 1.0000 0.0000
vt 0.0000 0.0000 0.0000
# 4 texture coords

g Box20339
usemtl _crayfishdiffuse
s 2
f -8/-4/-6 -7/-3/-6 -6/-2/-6 -5/-1/-6 
s 4
f -4/-1/-5 -3/-4/-5 -2/-3/-5 -1/-2/-5 
s 8
f -8/-1/-4 -5/-4/-4 -3/-3/-4 -4/-2/-4 
s 16
f -5/-1/-3 -6/-4/-3 -2/-3/-3 -3/-2/-3 
s 32
f -6/-1/-2 -7/-4/-2 -1/-3/-2 -2/-2/-2 
s 64
f -7/-1/-1 -8/-4/-1 -4/-3/-1 -1/-2/-1 
# 6 polygons

#
# object Box20340
#

v  -7970.3066 175.0415 -1016.6453
v  -7535.3574 175.0415 -971.6985
v  -7552.8867 175.0415 -802.0706
v  -7987.8359 175.0415 -847.0173
v  -7970.3066 361.3230 -1016.6453
v  -7987.8359 361.3230 -847.0173
v  -7552.8867 361.3230 -802.0706
v  -7535.3574 361.3230 -971.6985
# 8 vertices

vn 0.0000 -1.0000 -0.0000
vn 0.0000 1.0000 -0.0000
vn -0.9947 0.0000 -0.1028
vn -0.1028 0.0000 0.9947
vn 0.9947 0.0000 0.1028
vn 0.1028 0.0000 -0.9947
# 6 vertex normals

vt 1.0000 0.0000 0.0000
vt 1.0000 1.0000 0.0000
vt 0.0000 1.0000 0.0000
vt 0.0000 0.0000 0.0000
# 4 texture coords

g Box20340
usemtl _crayfishdiffuse
s 2
f -8/-4/-6 -7/-3/-6 -6/-2/-6 -5/-1/-6 
s 4
f -4/-1/-5 -3/-4/-5 -2/-3/-5 -1/-2/-5 
s 8
f -8/-1/-4 -5/-4/-4 -3/-3/-4 -4/-2/-4 
s 16
f -5/-1/-3 -6/-4/-3 -2/-3/-3 -3/-2/-3 
s 32
f -6/-1/-2 -7/-4/-2 -1/-3/-2 -2/-2/-2 
s 64
f -7/-1/-1 -8/-4/-1 -4/-3/-1 -1/-2/-1 
# 6 polygons

#
# object Box20341
#

v  -8620.3877 175.0415 -2821.9031
v  -8793.5010 175.0415 -2420.3652
v  -8950.0986 175.0415 -2487.8787
v  -8776.9854 175.0415 -2889.4165
v  -8620.3877 361.3230 -2821.9031
v  -8776.9854 361.3230 -2889.4165
v  -8950.0986 361.3230 -2487.8787
v  -8793.5010 361.3230 -2420.3652
# 8 vertices

vn 0.0000 -1.0000 -0.0000
vn 0.0000 1.0000 -0.0000
vn 0.3959 0.0000 -0.9183
vn -0.9183 0.0000 -0.3959
vn -0.3959 0.0000 0.9183
vn 0.9183 0.0000 0.3959
# 6 vertex normals

vt 1.0000 0.0000 0.0000
vt 1.0000 1.0000 0.0000
vt 0.0000 1.0000 0.0000
vt 0.0000 0.0000 0.0000
# 4 texture coords

g Box20341
usemtl _crayfishdiffuse
s 2
f -8/-4/-6 -7/-3/-6 -6/-2/-6 -5/-1/-6 
s 4
f -4/-1/-5 -3/-4/-5 -2/-3/-5 -1/-2/-5 
s 8
f -8/-1/-4 -5/-4/-4 -3/-3/-4 -4/-2/-4 
s 16
f -5/-1/-3 -6/-4/-3 -2/-3/-3 -3/-2/-3 
s 32
f -6/-1/-2 -7/-4/-2 -1/-3/-2 -2/-2/-2 
s 64
f -7/-1/-1 -8/-4/-1 -4/-3/-1 -1/-2/-1 
# 6 polygons

#
# object Box20342
#

v  -8807.9355 175.0415 -1970.4808
v  -8660.9180 175.0415 -1558.6713
v  -8821.5215 175.0415 -1501.3353
v  -8968.5391 175.0415 -1913.1449
v  -8807.9355 361.3230 -1970.4808
v  -8968.5391 361.3230 -1913.1449
v  -8821.5215 361.3230 -1501.3353
v  -8660.9180 361.3230 -1558.6713
# 8 vertices

vn 0.0000 -1.0000 -0.0000
vn 0.0000 1.0000 -0.0000
vn -0.3362 0.0000 -0.9418
vn -0.9418 0.0000 0.3362
vn 0.3362 0.0000 0.9418
vn 0.9418 0.0000 -0.3362
# 6 vertex normals

vt 1.0000 0.0000 0.0000
vt 1.0000 1.0000 0.0000
vt 0.0000 1.0000 0.0000
vt 0.0000 0.0000 0.0000
# 4 texture coords

g Box20342
usemtl _crayfishdiffuse
s 2
f -8/-4/-6 -7/-3/-6 -6/-2/-6 -5/-1/-6 
s 4
f -4/-1/-5 -3/-4/-5 -2/-3/-5 -1/-2/-5 
s 8
f -8/-1/-4 -5/-4/-4 -3/-3/-4 -4/-2/-4 
s 16
f -5/-1/-3 -6/-4/-3 -2/-3/-3 -3/-2/-3 
s 32
f -6/-1/-2 -7/-4/-2 -1/-3/-2 -2/-2/-2 
s 64
f -7/-1/-1 -8/-4/-1 -4/-3/-1 -1/-2/-1 
# 6 polygons

#
# object Box20343
#

v  -6844.2075 -24.5455 -3054.3647
v  -7219.8696 -24.5455 -3278.1484
v  -7132.5952 -24.5455 -3424.6548
v  -6756.9331 -24.5455 -3200.8711
v  -6844.2075 161.7360 -3054.3647
v  -6756.9331 161.7360 -3200.8711
v  -7132.5952 161.7360 -3424.6548
v  -7219.8696 161.7360 -3278.1484
# 8 vertices

vn 0.0000 -1.0000 -0.0000
vn 0.0000 1.0000 -0.0000
vn 0.8591 0.0000 0.5118
vn 0.5118 0.0000 -0.8591
vn -0.8591 0.0000 -0.5118
vn -0.5118 0.0000 0.8591
# 6 vertex normals

vt 1.0000 0.0000 0.0000
vt 1.0000 1.0000 0.0000
vt 0.0000 1.0000 0.0000
vt 0.0000 0.0000 0.0000
# 4 texture coords

g Box20343
usemtl _crayfishdiffuse
s 2
f -8/-4/-6 -7/-3/-6 -6/-2/-6 -5/-1/-6 
s 4
f -4/-1/-5 -3/-4/-5 -2/-3/-5 -1/-2/-5 
s 8
f -8/-1/-4 -5/-4/-4 -3/-3/-4 -4/-2/-4 
s 16
f -5/-1/-3 -6/-4/-3 -2/-3/-3 -3/-2/-3 
s 32
f -6/-1/-2 -7/-4/-2 -1/-3/-2 -2/-2/-2 
s 64
f -7/-1/-1 -8/-4/-1 -4/-3/-1 -1/-2/-1 
# 6 polygons

#
# object Box20344
#

v  -6495.4932 175.0415 -2509.6267
v  -6699.2324 175.0415 -2896.5266
v  -6548.3438 175.0415 -2975.9836
v  -6344.6045 175.0415 -2589.0837
v  -6495.4932 361.3230 -2509.6267
v  -6344.6045 361.3230 -2589.0837
v  -6548.3438 361.3230 -2975.9836
v  -6699.2324 361.3230 -2896.5266
# 8 vertices

vn 0.0000 -1.0000 -0.0000
vn 0.0000 1.0000 -0.0000
vn 0.4659 0.0000 0.8848
vn 0.8848 0.0000 -0.4659
vn -0.4659 0.0000 -0.8848
vn -0.8848 0.0000 0.4659
# 6 vertex normals

vt 1.0000 0.0000 0.0000
vt 1.0000 1.0000 0.0000
vt 0.0000 1.0000 0.0000
vt 0.0000 0.0000 0.0000
# 4 texture coords

g Box20344
usemtl _crayfishdiffuse
s 2
f -8/-4/-6 -7/-3/-6 -6/-2/-6 -5/-1/-6 
s 4
f -4/-1/-5 -3/-4/-5 -2/-3/-5 -1/-2/-5 
s 8
f -8/-1/-4 -5/-4/-4 -3/-3/-4 -4/-2/-4 
s 16
f -5/-1/-3 -6/-4/-3 -2/-3/-3 -3/-2/-3 
s 32
f -6/-1/-2 -7/-4/-2 -1/-3/-2 -2/-2/-2 
s 64
f -7/-1/-1 -8/-4/-1 -4/-3/-1 -1/-2/-1 
# 6 polygons

#
# object Box20345
#

v  -6560.8364 175.0415 -1640.2443
v  -6446.2056 175.0415 -2062.2170
v  -6281.6382 175.0415 -2017.5116
v  -6396.2690 175.0415 -1595.5388
v  -6560.8364 361.3230 -1640.2443
v  -6396.2690 361.3230 -1595.5388
v  -6281.6382 361.3230 -2017.5116
v  -6446.2056 361.3230 -2062.2170
# 8 vertices

vn 0.0000 -1.0000 -0.0000
vn 0.0000 1.0000 -0.0000
vn -0.2622 0.0000 0.9650
vn 0.9650 0.0000 0.2622
vn 0.2622 0.0000 -0.9650
vn -0.9650 0.0000 -0.2622
# 6 vertex normals

vt 1.0000 0.0000 0.0000
vt 1.0000 1.0000 0.0000
vt 0.0000 1.0000 0.0000
vt 0.0000 0.0000 0.0000
# 4 texture coords

g Box20345
usemtl _crayfishdiffuse
s 2
f -8/-4/-6 -7/-3/-6 -6/-2/-6 -5/-1/-6 
s 4
f -4/-1/-5 -3/-4/-5 -2/-3/-5 -1/-2/-5 
s 8
f -8/-1/-4 -5/-4/-4 -3/-3/-4 -4/-2/-4 
s 16
f -5/-1/-3 -6/-4/-3 -2/-3/-3 -3/-2/-3 
s 32
f -6/-1/-2 -7/-4/-2 -1/-3/-2 -2/-2/-2 
s 64
f -7/-1/-1 -8/-4/-1 -4/-3/-1 -1/-2/-1 
# 6 polygons

#
# object Box20346
#

v  -8794.9248 175.0415 -2413.9824
v  -8808.9473 175.0415 -1976.9418
v  -8979.3916 175.0415 -1982.4105
v  -8965.3691 175.0415 -2419.4512
v  -8794.9248 361.3230 -2413.9824
v  -8965.3691 361.3230 -2419.4512
v  -8979.3916 361.3230 -1982.4105
v  -8808.9473 361.3230 -1976.9418
# 8 vertices

vn 0.0000 -1.0000 -0.0000
vn 0.0000 1.0000 -0.0000
vn 0.0321 0.0000 -0.9995
vn -0.9995 0.0000 -0.0321
vn -0.0321 0.0000 0.9995
vn 0.9995 0.0000 0.0321
# 6 vertex normals

vt 1.0000 0.0000 0.0000
vt 1.0000 1.0000 0.0000
vt 0.0000 1.0000 0.0000
vt 0.0000 0.0000 0.0000
# 4 texture coords

g Box20346
usemtl _crayfishdiffuse
s 2
f -8/-4/-6 -7/-3/-6 -6/-2/-6 -5/-1/-6 
s 4
f -4/-1/-5 -3/-4/-5 -2/-3/-5 -1/-2/-5 
s 8
f -8/-1/-4 -5/-4/-4 -3/-3/-4 -4/-2/-4 
s 16
f -5/-1/-3 -6/-4/-3 -2/-3/-3 -3/-2/-3 
s 32
f -6/-1/-2 -7/-4/-2 -1/-3/-2 -2/-2/-2 
s 64
f -7/-1/-1 -8/-4/-1 -4/-3/-1 -1/-2/-1 
# 6 polygons

#
# object Box20347
#

v  -8364.8379 175.0415 -1219.6417
v  -7976.5723 175.0415 -1018.5182
v  -8055.0093 175.0415 -867.0966
v  -8443.2754 175.0415 -1068.2201
v  -8364.8379 361.3230 -1219.6417
v  -8443.2754 361.3230 -1068.2201
v  -8055.0093 361.3230 -867.0966
v  -7976.5723 361.3230 -1018.5182
# 8 vertices

vn 0.0000 -1.0000 -0.0000
vn 0.0000 1.0000 -0.0000
vn -0.8879 0.0000 -0.4600
vn -0.4600 0.0000 0.8879
vn 0.8879 0.0000 0.4600
vn 0.4600 0.0000 -0.8879
# 6 vertex normals

vt 1.0000 0.0000 0.0000
vt 1.0000 1.0000 0.0000
vt 0.0000 1.0000 0.0000
vt 0.0000 0.0000 0.0000
# 4 texture coords

g Box20347
usemtl _crayfishdiffuse
s 2
f -8/-4/-6 -7/-3/-6 -6/-2/-6 -5/-1/-6 
s 4
f -4/-1/-5 -3/-4/-5 -2/-3/-5 -1/-2/-5 
s 8
f -8/-1/-4 -5/-4/-4 -3/-3/-4 -4/-2/-4 
s 16
f -5/-1/-3 -6/-4/-3 -2/-3/-3 -3/-2/-3 
s 32
f -6/-1/-2 -7/-4/-2 -1/-3/-2 -2/-2/-2 
s 64
f -7/-1/-1 -8/-4/-1 -4/-3/-1 -1/-2/-1 
# 6 polygons

#
# object Box20348
#

v  -6703.3047 175.0415 -2901.6440
v  -7034.5894 175.0415 -3187.0417
v  -6923.2861 175.0415 -3316.2407
v  -6592.0015 175.0415 -3030.8430
v  -6703.3047 361.3230 -2901.6440
v  -6592.0015 361.3230 -3030.8430
v  -6923.2861 361.3230 -3316.2407
v  -7034.5894 361.3230 -3187.0417
# 8 vertices

vn 0.0000 -1.0000 -0.0000
vn 0.0000 1.0000 -0.0000
vn 0.7576 0.0000 0.6527
vn 0.6527 0.0000 -0.7576
vn -0.7576 0.0000 -0.6527
vn -0.6527 0.0000 0.7576
# 6 vertex normals

vt 1.0000 0.0000 0.0000
vt 1.0000 1.0000 0.0000
vt 0.0000 1.0000 0.0000
vt 0.0000 0.0000 0.0000
# 4 texture coords

g Box20348
usemtl _crayfishdiffuse
s 2
f -8/-4/-6 -7/-3/-6 -6/-2/-6 -5/-1/-6 
s 4
f -4/-1/-5 -3/-4/-5 -2/-3/-5 -1/-2/-5 
s 8
f -8/-1/-4 -5/-4/-4 -3/-3/-4 -4/-2/-4 
s 16
f -5/-1/-3 -6/-4/-3 -2/-3/-3 -3/-2/-3 
s 32
f -6/-1/-2 -7/-4/-2 -1/-3/-2 -2/-2/-2 
s 64
f -7/-1/-1 -8/-4/-1 -4/-3/-1 -1/-2/-1 
# 6 polygons

#
# object Box20349
#

v  -7459.5127 175.0415 -3335.5154
v  -7896.4492 175.0415 -3318.5435
v  -7903.0684 175.0415 -3488.9460
v  -7466.1318 175.0415 -3505.9180
v  -7459.5127 361.3230 -3335.5154
v  -7466.1318 361.3230 -3505.9180
v  -7903.0684 361.3230 -3488.9460
v  -7896.4492 361.3230 -3318.5435
# 8 vertices

vn 0.0000 -1.0000 -0.0000
vn 0.0000 1.0000 -0.0000
vn 0.9992 0.0000 -0.0388
vn -0.0388 0.0000 -0.9992
vn -0.9992 0.0000 0.0388
vn 0.0388 0.0000 0.9992
# 6 vertex normals

vt 1.0000 0.0000 0.0000
vt 1.0000 1.0000 0.0000
vt 0.0000 1.0000 0.0000
vt 0.0000 0.0000 0.0000
# 4 texture coords

g Box20349
usemtl _crayfishdiffuse
s 2
f -8/-4/-6 -7/-3/-6 -6/-2/-6 -5/-1/-6 
s 4
f -4/-1/-5 -3/-4/-5 -2/-3/-5 -1/-2/-5 
s 8
f -8/-1/-4 -5/-4/-4 -3/-3/-4 -4/-2/-4 
s 16
f -5/-1/-3 -6/-4/-3 -2/-3/-3 -3/-2/-3 
s 32
f -6/-1/-2 -7/-4/-2 -1/-3/-2 -2/-2/-2 
s 64
f -7/-1/-1 -8/-4/-1 -4/-3/-1 -1/-2/-1 
# 6 polygons

#
# object Box20350
#

v  -6485.6689 369.8194 -1836.6306
v  -6445.7661 369.8194 -2272.0718
v  -6275.9463 369.8194 -2256.5098
v  -6315.8491 369.8194 -1821.0686
v  -6485.6689 556.1008 -1836.6306
v  -6315.8491 556.1008 -1821.0686
v  -6275.9463 556.1008 -2256.5098
v  -6445.7661 556.1008 -2272.0718
# 8 vertices

vn 0.0000 -1.0000 -0.0000
vn 0.0000 1.0000 -0.0000
vn -0.0913 0.0000 0.9958
vn 0.9958 0.0000 0.0913
vn 0.0913 0.0000 -0.9958
vn -0.9958 0.0000 -0.0913
# 6 vertex normals

vt 1.0000 0.0000 0.0000
vt 1.0000 1.0000 0.0000
vt 0.0000 1.0000 0.0000
vt 0.0000 0.0000 0.0000
# 4 texture coords

g Box20350
usemtl _crayfishdiffuse
s 2
f -8/-4/-6 -7/-3/-6 -6/-2/-6 -5/-1/-6 
s 4
f -4/-1/-5 -3/-4/-5 -2/-3/-5 -1/-2/-5 
s 8
f -8/-1/-4 -5/-4/-4 -3/-3/-4 -4/-2/-4 
s 16
f -5/-1/-3 -6/-4/-3 -2/-3/-3 -3/-2/-3 
s 32
f -6/-1/-2 -7/-4/-2 -1/-3/-2 -2/-2/-2 
s 64
f -7/-1/-1 -8/-4/-1 -4/-3/-1 -1/-2/-1 
# 6 polygons

#
# object Box20351
#

v  -8535.7422 369.8194 -1387.9973
v  -8195.4756 369.8194 -1113.3706
v  -8302.5781 369.8194 -980.6685
v  -8642.8447 369.8194 -1255.2952
v  -8535.7422 556.1008 -1387.9973
v  -8642.8447 556.1008 -1255.2952
v  -8302.5781 556.1008 -980.6685
v  -8195.4756 556.1008 -1113.3706
# 8 vertices

vn 0.0000 -1.0000 -0.0000
vn 0.0000 1.0000 -0.0000
vn -0.7782 0.0000 -0.6281
vn -0.6281 0.0000 0.7782
vn 0.7782 0.0000 0.6281
vn 0.6281 0.0000 -0.7782
# 6 vertex normals

vt 1.0000 0.0000 0.0000
vt 1.0000 1.0000 0.0000
vt 0.0000 1.0000 0.0000
vt 0.0000 0.0000 0.0000
# 4 texture coords

g Box20351
usemtl _crayfishdiffuse
s 2
f -8/-4/-6 -7/-3/-6 -6/-2/-6 -5/-1/-6 
s 4
f -4/-1/-5 -3/-4/-5 -2/-3/-5 -1/-2/-5 
s 8
f -8/-1/-4 -5/-4/-4 -3/-3/-4 -4/-2/-4 
s 16
f -5/-1/-3 -6/-4/-3 -2/-3/-3 -3/-2/-3 
s 32
f -6/-1/-2 -7/-4/-2 -1/-3/-2 -2/-2/-2 
s 64
f -7/-1/-1 -8/-4/-1 -4/-3/-1 -1/-2/-1 
# 6 polygons

#
# object Box20352
#

v  -6748.4995 569.4064 -1361.0459
v  -6520.3770 569.4064 -1734.0891
v  -6374.8921 569.4064 -1645.1226
v  -6603.0146 569.4064 -1272.0793
v  -6748.4995 755.6879 -1361.0459
v  -6603.0146 755.6879 -1272.0793
v  -6374.8921 755.6879 -1645.1226
v  -6520.3770 755.6879 -1734.0891
# 8 vertices

vn 0.0000 -1.0000 -0.0000
vn 0.0000 1.0000 -0.0000
vn -0.5217 0.0000 0.8531
vn 0.8531 0.0000 0.5217
vn 0.5217 0.0000 -0.8531
vn -0.8531 0.0000 -0.5217
# 6 vertex normals

vt 1.0000 0.0000 0.0000
vt 1.0000 1.0000 0.0000
vt 0.0000 1.0000 0.0000
vt 0.0000 0.0000 0.0000
# 4 texture coords

g Box20352
usemtl _crayfishdiffuse
s 2
f -8/-4/-6 -7/-3/-6 -6/-2/-6 -5/-1/-6 
s 4
f -4/-1/-5 -3/-4/-5 -2/-3/-5 -1/-2/-5 
s 8
f -8/-1/-4 -5/-4/-4 -3/-3/-4 -4/-2/-4 
s 16
f -5/-1/-3 -6/-4/-3 -2/-3/-3 -3/-2/-3 
s 32
f -6/-1/-2 -7/-4/-2 -1/-3/-2 -2/-2/-2 
s 64
f -7/-1/-1 -8/-4/-1 -4/-3/-1 -1/-2/-1 
# 6 polygons

#
# object Box20353
#

